0;0;0;0;0;0;0;0;0;34;20;48;34;11;29;7;41;0;0;0;0;0;0;0
0;0;0;0;0;0;0;0;0;0;0;0;0;0;0;0;120;84;82;61;115;68;0;0
0;0;0;0;0;0;0;0;0;0;0;0;0;0;0;34;123;157;87;127;0;0;0;0
0;0;0;0;0;0;0;0;448;470;336;485;289;80;477;0;0;0;0;0;0;0;0;0
0;0;0;0;0;0;0;0;0;0;0;0;0;0;0;0;3;128;55;0;0;0;0;0
0;0;0;0;0;0;0;0;0;0;0;0;0;0;0;0;0;0;0;0;0;0;0;0
0;0;0;0;0;0;0;0;0;0;0;0;0;2209;2466;1556;1916;762;1706;1789;905;1079;1547;0
0;0;0;0;0;0;648;2023;36;658;2023;507;1954;0;0;0;0;0;0;0;0;0;0;0
0;0;0;0;0;0;0;0;0;0;0;0;0;0;0;0;0;0;0;162;210;167;217;240
169;38;214;215;64;0;0;0;0;0;0;0;0;0;0;0;0;0;0;0;0;31;0;0
0;0;0;0;0;0;0;0;0;0;0;0;0;0;0;0;128;588;74;227;232;0;0;0
0;0;0;0;0;0;0;0;0;0;0;0;0;0;0;0;0;0;0;17;23;0;0;0
0;0;0;0;0;0;0;0;0;0;0;0;0;0;0;0;0;0;0;0;0;0;0;0
12;45;43;14;45;0;0;0;0;0;0;0;0;0;0;0;0;0;0;0;0;0;0;0
10;40;86;55;7;105;90;109;0;0;0;0;0;0;0;0;0;0;0;0;0;0;0;0
0;0;0;0;0;0;0;0;0;0;0;0;0;0;0;0;0;0;0;0;0;0;0;0
0;0;0;0;0;0;0;0;50;11;5;0;0;0;0;0;0;0;0;0;0;0;0;0
0;0;0;0;0;0;0;0;0;0;12;6;12;5;13;0;0;0;0;0;0;0;0;0
0;0;0;0;0;0;0;0;0;0;0;0;0;0;0;0;0;0;0;0;0;0;0;0
0;0;0;0;0;0;0;0;0;0;0;0;0;0;0;0;0;0;0;0;0;0;0;0
0;0;0;0;0;0;0;8;24;0;0;0;0;0;0;0;0;0;0;0;0;0;0;0
0;0;0;0;0;0;0;0;0;0;0;0;0;0;0;0;0;0;0;0;0;0;0;0
0;0;0;0;41;25;50;0;0;0;0;0;0;0;0;0;0;0;0;0;0;0;0;0
0;0;0;0;0;0;0;0;0;0;0;0;0;0;29;43;23;0;0;0;0;0;0;0
0;0;0;0;0;0;0;0;0;0;0;0;0;0;0;0;0;13;29;39;27;18;47;40
0;0;0;0;0;0;0;0;0;0;0;0;0;0;0;39;27;11;0;0;0;0;0;0
0;0;0;0;0;0;0;0;0;0;0;0;0;0;0;0;0;432;226;264;0;0;0;0
0;0;0;0;0;0;0;0;0;0;0;0;0;0;0;0;0;0;0;11;16;0;0;0
0;0;0;0;0;0;0;0;0;0;0;0;0;0;0;0;0;0;0;7;34;43;36;0
0;0;0;0;0;0;0;0;0;0;0;0;0;0;0;0;0;0;0;15;2;0;0;0
0;0;0;0;0;0;0;0;0;0;0;0;0;0;0;0;0;0;0;0;0;0;0;0